hit: 46.000000000000000
miss: 954.000000000000000
ratio: 0.048218029350105