hit: 10.000000000000000
miss: 990.000000000000000
ratio: 0.010101010101010