hit: 99.000000000000000
miss: 901.000000000000000
ratio: 0.109877913429523